000000
000000
000000
000000
000000
000001
000001
000001
000001
000001
000002
000002
000002
000002
000002
000003
000003
000003
000003
000003
000004
000004
000004
000004
000004
000005
000005
000005
000005
000005
000006
000006
000006
000006
000006
000007
000007
000007
000007
000007
000008
000008
000008
000008
000008
000009
000009
000009
000009
000009
000010
000010
000010
000010
000010
000011
000011
000011
000011
000011
000012
000012
000012
000012
000012
000013
000013
000013
000013
000013
000014
000014
000014
000014
000014
000015
000015
000015
000015
000015
000016
000016
000016
000016
000016
000017
000017
000017
000017
000017
000018
000018
000018
000018
000018
000019
000019
000019
000019
000019
000020
000020
000020
000020
000020
000021
000021
000021
000021
000021
000022
000022
000022
000022
000022
000023
000023
000023
000023
000023
000024
000024
000024
000024
000024
000025
000025
000025
000025
000025
000026
000026
000026
000026
000026
000027
000027
000027
000027
000027
000028
000028
000028
000028
000028
000029
000029
000029
000029
000029
000030
000030
000030
000030
000030
000031
000031
000031
000031
000031
000032
000032
000032
000032
000032
000033
000033
000033
000033
000033
000034
000034
000034
000034
000034
000035
000035
000035
000035
000035
000036
000036
000036
000036
000036
000037
000037
000037
000037
000037
000038
000038
000038
000038
000038
000039
000039
000039
000039
000039
000040
000040
000040
000040
000040
000041
000041
000041
000041
000041
000042
000042
000042
000042
000042
000043
000043
000043
000043
000043
000044
000044
000044
000044
000044
000045
000045
000045
000045
000045
000046
000046
000046
000046
000046
000047
000047
000047
000047
000047
000048
000048
000048
000048
000048
000049
000049
000049
000049
000049
000050
000050
000050
000050
000050
000051
000051
000051
000051
000051
000052
000052
000052
000052
000052
000053
000053
000053
000053
000053
000054
000054
000054
000054
000054
000055
000055
000055
000055
000055
000056
000056
000056
000056
000056
000057
000057
000057
000057
000057
000058
000058
000058
000058
000058
000059
000059
000059
000059
000059
000060
000060
000060
000060
000060
000061
000061
000061
000061
000061
000062
000062
000062
000062
000062
000063
000063
000063
000063
000063
000064
000064
000064
000064
000064
000065
000065
000065
000065
000065
000066
000066
000066
000066
000066
000067
000067
000067
000067
000067
000068
000068
000068
000068
000068
000069
000069
000069
000069
000069
000070
000070
000070
000070
000070
000071
000071
000071
000071
000071
000072
000072
000072
000072
000072
000073
000073
000073
000073
000073
000074
000074
000074
000074
000074
000075
000075
000075
000075
000075
000076
000076
000076
000076
000076
000077
000077
000077
000077
000077
000078
000078
000078
000078
000078
000079
000079
000079
000079
000079
000080
000080
000080
000080
000080
000081
000081
000081
000081
000081
000082
000082
000082
000082
000082
000083
000083
000083
000083
000083
000084
000084
000084
000084
000084
000085
000085
000085
000085
000085
000086
000086
000086
000086
000086
000087
000087
000087
000087
000087
000088
000088
000088
000088
000088
000089
000089
000089
000089
000089
000090
000090
000090
000090
000090
000091
000091
000091
000091
000091
000092
000092
000092
000092
000092
000093
000093
000093
000093
000093
000094
000094
000094
000094
000094
000095
000095
000095
000095
000095
000096
000096
000096
000096
000096
000097
000097
000097
000097
000097
000098
000098
000098
000098
000098
000099
000099
000099
000099
000099
000100
000100
000100
000100
000100
000101
000101
000101
000101
000101
000102
000102
000102
000102
000102
000103
000103
000103
000103
000103
000104
000104
000104
000104
000104
000105
000105
000105
000105
000105
000106
000106
000106
000106
000106
000107
000107
000107
000107
000107
000108
000108
000108
000108
000108
000109
000109
000109
000109
000109
000110
000110
000110
000110
000110
000111
000111
000111
000111
000111
000112
000112
000112
000112
000112
000113
000113
000113
000113
000113
000114
000114
000114
000114
000114
000115
000115
000115
000115
000115
000116
000116
000116
000116
000116
000117
000117
000117
000117
000117
000118
000118
000118
000118
000118
000119
000119
000119
000119
000119
000120
000120
000120
000120
000120
000121
000121
000121
000121
000121
000122
000122
000122
000122
000122
000123
000123
000123
000123
000123
000124
000124
000124
000124
000124
000125
000125
000125
000125
000125
000126
000126
000126
000126
000126
000127
000127
000127
000127
000127
000128
000128
000128
000128
000128
000129
000129
000129
000129
000129
000130
000130
000130
000130
000130
000131
000131
000131
000131
000131
000132
000132
000132
000132
000132
000133
000133
000133
000133
000133
000134
000134
000134
000134
000134
000135
000135
000135
000135
000135
000136
000136
000136
000136
000136
000137
000137
000137
000137
000137
000138
000138
000138
000138
000138
000139
000139
000139
000139
000139
000140
000140
000140
000140
000140
000141
000141
000141
000141
000141
000142
000142
000142
000142
000142
000143
000143
000143
000143
000143
000144
000144
000144
000144
000144
000145
000145
000145
000145
000145
000146
000146
000146
000146
000146
000147
000147
000147
000147
000147
000148
000148
000148
000148
000148
000149
000149
000149
000149
000149
000150
000150
000150
000150
000150
000151
000151
000151
000151
000151
000152
000152
000152
000152
000152
000153
000153
000153
000153
000153
000154
000154
000154
000154
000154
000155
000155
000155
000155
000155
000156
000156
000156
000156
000156
000157
000157
000157
000157
000157
000158
000158
000158
000158
000158
000159
000159
000159
000159
000159
000160
000160
000160
000160
000160
000161
000161
000161
000161
000161
000162
000162
000162
000162
000162
000163
000163
000163
000163
000163
000164
000164
000164
000164
000164
000165
000165
000165
000165
000165
000166
000166
000166
000166
000166
000167
000167
000167
000167
000167
000168
000168
000168
000168
000168
000169
000169
000169
000169
000169
000170
000170
000170
000170
000170
000171
000171
000171
000171
000171
000172
000172
000172
000172
000172
000173
000173
000173
000173
000173
000174
000174
000174
000174
000174
000175
000175
000175
000175
000175
000176
000176
000176
000176
000176
000177
000177
000177
000177
000177
000178
000178
000178
000178
000178
000179
000179
000179
000179
000179
000180
000180
000180
000180
000180
000181
000181
000181
000181
000181
000182
000182
000182
000182
000182
000183
000183
000183
000183
000183
000184
000184
000184
000184
000184
000185
000185
000185
000185
000185
000186
000186
000186
000186
000186
000187
000187
000187
000187
000187
000188
000188
000188
000188
000188
000189
000189
000189
000189
000189
000190
000190
000190
000190
000190
000191
000191
000191
000191
000191
000192
000192
000192
000192
000192
000193
000193
000193
000193
000193
000194
000194
000194
000194
000194
000195
000195
000195
000195
000195
000196
000196
000196
000196
000196
000197
000197
000197
000197
000197
000198
000198
000198
000198
000198
000199
000199
000199
000199
000199
000200
000200
000200
000200
000200
000201
000201
000201
000201
000201
000202
000202
000202
000202
000202
000203
000203
000203
000203
000203
000204
000204
000204
000204
000204
000205
000205
000205
000205
000205
000206
000206
000206
000206
000206
000207
000207
000207
000207
000207
000208
000208
000208
000208
000208
000209
000209
000209
000209
000209
000210
000210
000210
000210
000210
000211
000211
000211
000211
000211
000212
000212
000212
000212
000212
000213
000213
000213
000213
000213
000214
000214
000214
000214
000214
000215
000215
000215
000215
000215
000216
000216
000216
000216
000216
000217
000217
000217
000217
000217
000218
000218
000218
000218
000218
000219
000219
000219
000219
000219
000220
000220
000220
000220
000220
000221
000221
000221
000221
000221
000222
000222
000222
000222
000222
000223
000223
000223
000223
000223
000224
000224
000224
000224
000224
000225
000225
000225
000225
000225
000226
000226
000226
000226
000226
000227
000227
000227
000227
000227
000228
000228
000228
000228
000228
000229
000229
000229
000229
000229
000230
000230
000230
000230
000230
000231
000231
000231
000231
000231
000232
000232
000232
000232
000232
000233
000233
000233
000233
000233
000234
000234
000234
000234
000234
000235
000235
000235
000235
000235
000236
000236
000236
000236
000236
000237
000237
000237
000237
000237
000238
000238
000238
000238
000238
000239
000239
000239
000239
000239
000240
000240
000240
000240
000240
000241
000241
000241
000241
000241
000242
000242
000242
000242
000242
000243
000243
000243
000243
000243
000244
000244
000244
000244
000244
000245
000245
000245
000245
000245
000246
000246
000246
000246
000246
000247
000247
000247
000247
000247
000248
000248
000248
000248
000248
000249
000249
000249
000249
000249
000250
000250
000250
000250
000250
000251
000251
000251
000251
000251
000252
000252
000252
000252
000252
000253
000253
000253
000253
000253
000254
000254
000254
000254
000254
000255
000255
000255
000255
000255
000256
000256
000256
000256
000256
000257
000257
000257
000257
000257
000258
000258
000258
000258
000258
000259
000259
000259
000259
000259
000260
000260
000260
000260
000260
000261
000261
000261
000261
000261
000262
000262
000262
000262
000262
000263
000263
000263
000263
000263
000264
000264
000264
000264
000264
000265
000265
000265
000265
000265
000266
000266
000266
000266
000266
000267
000267
000267
000267
000267
000268
000268
000268
000268
000268
000269
000269
000269
000269
000269
000270
000270
000270
000270
000270
000271
000271
000271
000271
000271
000272
000272
000272
000272
000272
000273
000273
000273
000273
000273
000274
000274
000274
000274
000274
000275
000275
000275
000275
000275
000276
000276
000276
000276
000276
000277
000277
000277
000277
000277
000278
000278
000278
000278
000278
000279
000279
000279
000279
000279
000280
000280
000280
000280
000280
000281
000281
000281
000281
000281
000282
000282
000282
000282
000282
000283
000283
000283
000283
000283
000284
000284
000284
000284
000284
000285
000285
000285
000285
000285
000286
000286
000286
000286
000286
000287
000287
000287
000287
000287
000288
000288
000288
000288
000288
000289
000289
000289
000289
000289
000290
000290
000290
000290
000290
000291
000291
000291
000291
000291
000292
000292
000292
000292
000292
000293
000293
000293
000293
000293
000294
000294
000294
000294
000294
000295
000295
000295
000295
000295
000296
000296
000296
000296
000296
000297
000297
000297
000297
000297
000298
000298
000298
000298
000298
000299
000299
000299
000299
000299
000300
000300
000300
000300
000300
000301
000301
000301
000301
000301
000302
000302
000302
000302
000302
000303
000303
000303
000303
000303
000304
000304
000304
000304
000304
000305
000305
000305
000305
000305
000306
000306
000306
000306
000306
000307
000307
000307
000307
000307
000308
000308
000308
000308
000308
000309
000309
000309
000309
000309
000310
000310
000310
000310
000310
000311
000311
000311
000311
000311
000312
000312
000312
000312
000312
000313
000313
000313
000313
000313
000314
000314
000314
000314
000314
000315
000315
000315
000315
000315
000316
000316
000316
000316
000316
000317
000317
000317
000317
000317
000318
000318
000318
000318
000318
000319
000319
000319
000319
000319
000320
000320
000320
000320
000320
000321
000321
000321
000321
000321
000322
000322
000322
000322
000322
000323
000323
000323
000323
000323
000324
000324
000324
000324
000324
000325
000325
000325
000325
000325
000326
000326
000326
000326
000326
000327
000327
000327
000327
000327
000328
000328
000328
000328
000328
000329
000329
000329
000329
000329
000330
000330
000330
000330
000330
000331
000331
000331
000331
000331
000332
000332
000332
000332
000332
000333
000333
000333
000333
000333
000334
000334
000334
000334
000334
000335
000335
000335
000335
000335
000336
000336
000336
000336
000336
000337
000337
000337
000337
000337
000338
000338
000338
000338
000338
000339
000339
000339
000339
000339
000340
000340
000340
000340
000340
000341
000341
000341
000341
000341
000342
000342
000342
000342
000342
000343
000343
000343
000343
000343
000344
000344
000344
000344
000344
000345
000345
000345
000345
000345
000346
000346
000346
000346
000346
000347
000347
000347
000347
000347
000348
000348
000348
000348
000348
000349
000349
000349
000349
000349
000350
000350
000350
000350
000350
000351
000351
000351
000351
000351
000352
000352
000352
000352
000352
000353
000353
000353
000353
000353
000354
000354
000354
000354
000354
000355
000355
000355
000355
000355
000356
000356
000356
000356
000356
000357
000357
000357
000357
000357
000358
000358
000358
000358
000358
000359
000359
000359
000359
000359
000360
000360
000360
000360
000360
000361
000361
000361
000361
000361
000362
000362
000362
000362
000362
000363
000363
000363
000363
000363
000364
000364
000364
000364
000364
000365
000365
000365
000365
000365
000366
000366
000366
000366
000366
000367
000367
000367
000367
000367
000368
000368
000368
000368
000368
000369
000369
000369
000369
000369
000370
000370
000370
000370
000370
000371
000371
000371
000371
000371
000372
000372
000372
000372
000372
000373
000373
000373
000373
000373
000374
000374
000374
000374
000374
000375
000375
000375
000375
000375
000376
000376
000376
000376
000376
000377
000377
000377
000377
000377
000378
000378
000378
000378
000378
000379
000379
000379
000379
000379
000380
000380
000380
000380
000380
000381
000381
000381
000381
000381
000382
000382
000382
000382
000382
000383
000383
000383
000383
000383
000384
000384
000384
000384
000384
000385
000385
000385
000385
000385
000386
000386
000386
000386
000386
000387
000387
000387
000387
000387
000388
000388
000388
000388
000388
000389
000389
000389
000389
000389
000390
000390
000390
000390
000390
000391
000391
000391
000391
000391
000392
000392
000392
000392
000392
000393
000393
000393
000393
000393
000394
000394
000394
000394
000394
000395
000395
000395
000395
000395
000396
000396
000396
000396
000396
000397
000397
000397
000397
000397
000398
000398
000398
000398
000398
000399
000399
000399
000399
000399
000400
000400
000400
000400
000400
000401
000401
000401
000401
000401
000402
000402
000402
000402
000402
000403
000403
000403
000403
000403
000404
000404
000404
000404
000404
000405
000405
000405
000405
000405
000406
000406
000406
000406
000406
000407
000407
000407
000407
000407
000408
000408
000408
000408
000408
000409
000409
000409
000409
000409
000410
000410
000410
000410
000410
000411
000411
000411
000411
000411
000412
000412
000412
000412
000412
000413
000413
000413
000413
000413
000414
000414
000414
000414
000414
000415
000415
000415
000415
000415
000416
000416
000416
000416
000416
000417
000417
000417
000417
000417
000418
000418
000418
000418
000418
000419
000419
000419
000419
000419
000420
000420
000420
000420
000420
000421
000421
000421
000421
000421
000422
000422
000422
000422
000422
000423
000423
000423
000423
000423
000424
000424
000424
000424
000424
000425
000425
000425
000425
000425
000426
000426
000426
000426
000426
000427
000427
000427
000427
000427
000428
000428
000428
000428
000428
000429
000429
000429
000429
000429
000430
000430
000430
000430
000430
000431
000431
000431
000431
000431
000432
000432
000432
000432
000432
000433
000433
000433
000433
000433
000434
000434
000434
000434
000434
000435
000435
000435
000435
000435
000436
000436
000436
000436
000436
000437
000437
000437
000437
000437
000438
000438
000438
000438
000438
000439
000439
000439
000439
000439
000440
000440
000440
000440
000440
000441
000441
000441
000441
000441
000442
000442
000442
000442
000442
000443
000443
000443
000443
000443
000444
000444
000444
000444
000444
000445
000445
000445
000445
000445
000446
000446
000446
000446
000446
000447
000447
000447
000447
000447
000448
000448
000448
000448
000448
000449
000449
000449
000449
000449
000450
000450
000450
000450
000450
000451
000451
000451
000451
000451
000452
000452
000452
000452
000452
000453
000453
000453
000453
000453
000454
000454
000454
000454
000454
000455
000455
000455
000455
000455
000456
000456
000456
000456
000456
000457
000457
000457
000457
000457
000458
000458
000458
000458
000458
000459
000459
000459
000459
000459
000460
000460
000460
000460
000460
000461
000461
000461
000461
000461
000462
000462
000462
000462
000462
000463
000463
000463
000463
000463
000464
000464
000464
000464
000464
000465
000465
000465
000465
000465
000466
000466
000466
000466
000466
000467
000467
000467
000467
000467
000468
000468
000468
000468
000468
000469
000469
000469
000469
000469
000470
000470
000470
000470
000470
000471
000471
000471
000471
000471
000472
000472
000472
000472
000472
000473
000473
000473
000473
000473
000474
000474
000474
000474
000474
000475
000475
000475
000475
000475
000476
000476
000476
000476
000476
000477
000477
000477
000477
000477
000478
000478
000478
000478
000478
000479
000479
000479
000479
000479
000480
000480
000480
000480
000480
000481
000481
000481
000481
000481
000482
000482
000482
000482
000482
000483
000483
000483
000483
000483
000484
000484
000484
000484
000484
000485
000485
000485
000485
000485
000486
000486
000486
000486
000486
000487
000487
000487
000487
000487
000488
000488
000488
000488
000488
000489
000489
000489
000489
000489
000490
000490
000490
000490
000490
000491
000491
000491
000491
000491
000492
000492
000492
000492
000492
000493
000493
000493
000493
000493
000494
000494
000494
000494
000494
000495
000495
000495
000495
000495
000496
000496
000496
000496
000496
000497
000497
000497
000497
000497
000498
000498
000498
000498
000498
000499
000499
000499
000499
000499
000500
000500
000500
000500
000500
000501
000501
000501
000501
000501
000502
000502
000502
000502
000502
000503
000503
000503
000503
000503
000504
000504
000504
000504
000504
000505
000505
000505
000505
000505
000506
000506
000506
000506
000506
000507
000507
000507
000507
000507
000508
000508
000508
000508
000508
000509
000509
000509
000509
000509
000510
000510
000510
000510
000510
000511
000511
000511
000511
000511
000512
000512
000512
000512
000512
000513
000513
000513
000513
000513
000514
000514
000514
000514
000514
000515
000515
000515
000515
000515
000516
000516
000516
000516
000516
000517
000517
000517
000517
000517
000518
000518
000518
000518
000518
000519
000519
000519
000519
000519
000520
000520
000520
000520
000520
000521
000521
000521
000521
000521
000522
000522
000522
000522
000522
000523
000523
000523
000523
000523
000524
000524
000524
000524
000524
000525
000525
000525
000525
000525
000526
000526
000526
000526
000526
000527
000527
000527
000527
000527
000528
000528
000528
000528
000528
000529
000529
000529
000529
000529
000530
000530
000530
000530
000530
000531
000531
000531
000531
000531
000532
000532
000532
000532
000532
000533
000533
000533
000533
000533
000534
000534
000534
000534
000534
000535
000535
000535
000535
000535
000536
000536
000536
000536
000536
000537
000537
000537
000537
000537
000538
000538
000538
000538
000538
000539
000539
000539
000539
000539
000540
000540
000540
000540
000540
000541
000541
000541
000541
000541
000542
000542
000542
000542
000542
000543
000543
000543
000543
000543
000544
000544
000544
000544
000544
000545
000545
000545
000545
000545
000546
000546
000546
000546
000546
000547
000547
000547
000547
000547
000548
000548
000548
000548
000548
000549
000549
000549
000549
000549
000550
000550
000550
000550
000550
000551
000551
000551
000551
000551
000552
000552
000552
000552
000552
000553
000553
000553
000553
000553
000554
000554
000554
000554
000554
000555
000555
000555
000555
000555
000556
000556
000556
000556
000556
000557
000557
000557
000557
000557
000558
000558
000558
000558
000558
000559
000559
000559
000559
000559
000560
000560
000560
000560
000560
000561
000561
000561
000561
000561
000562
000562
000562
000562
000562
000563
000563
000563
000563
000563
000564
000564
000564
000564
000564
000565
000565
000565
000565
000565
000566
000566
000566
000566
000566
000567
000567
000567
000567
000567
000568
000568
000568
000568
000568
000569
000569
000569
000569
000569
000570
000570
000570
000570
000570
000571
000571
000571
000571
000571
000572
000572
000572
000572
000572
000573
000573
000573
000573
000573
000574
000574
000574
000574
000574
000575
000575
000575
000575
000575
000576
000576
000576
000576
000576
000577
000577
000577
000577
000577
000578
000578
000578
000578
000578
000579
000579
000579
000579
000579
000580
000580
000580
000580
000580
000581
000581
000581
000581
000581
000582
000582
000582
000582
000582
000583
000583
000583
000583
000583
000584
000584
000584
000584
000584
000585
000585
000585
000585
000585
000586
000586
000586
000586
000586
000587
000587
000587
000587
000587
000588
000588
000588
000588
000588
000589
000589
000589
000589
000589
000590
000590
000590
000590
000590
000591
000591
000591
000591
000591
000592
000592
000592
000592
000592
000593
000593
000593
000593
000593
000594
000594
000594
000594
000594
000595
000595
000595
000595
000595
000596
000596
000596
000596
000596
000597
000597
000597
000597
000597
000598
000598
000598
000598
000598
000599
000599
000599
000599
000599
000600
000600
000600
000600
000600
000601
000601
000601
000601
000601
000602
000602
000602
000602
000602
000603
000603
000603
000603
000603
000604
000604
000604
000604
000604
000605
000605
000605
000605
000605
000606
000606
000606
000606
000606
000607
000607
000607
000607
000607
000608
000608
000608
000608
000608
000609
000609
000609
000609
000609
000610
000610
000610
000610
000610
000611
000611
000611
000611
000611
000612
000612
000612
000612
000612
000613
000613
000613
000613
000613
000614
000614
000614
000614
000614
000615
000615
000615
000615
000615
000616
000616
000616
000616
000616
000617
000617
000617
000617
000617
000618
000618
000618
000618
000618
000619
000619
000619
000619
000619
000620
000620
000620
000620
000620
000621
000621
000621
000621
000621
000622
000622
000622
000622
000622
000623
000623
000623
000623
000623
000624
000624
000624
000624
000624
000625
000625
000625
000625
000625
000626
000626
000626
000626
000626
000627
000627
000627
000627
000627
000628
000628
000628
000628
000628
000629
000629
000629
000629
000629
000630
000630
000630
000630
000630
000631
000631
000631
000631
000631
000632
000632
000632
000632
000632
000633
000633
000633
000633
000633
000634
000634
000634
000634
000634
000635
000635
000635
000635
000635
000636
000636
000636
000636
000636
000637
000637
000637
000637
000637
000638
000638
000638
000638
000638
000639
000639
000639
000639
000639
000640
000640
000640
000640
000640
000641
000641
000641
000641
000641
000642
000642
000642
000642
000642
000643
000643
000643
000643
000643
000644
000644
000644
000644
000644
000645
000645
000645
000645
000645
000646
000646
000646
000646
000646
000647
000647
000647
000647
000647
000648
000648
000648
000648
000648
000649
000649
000649
000649
000649
000650
000650
000650
000650
000650
000651
000651
000651
000651
000651
000652
000652
000652
000652
000652
000653
000653
000653
000653
000653
000654
000654
000654
000654
000654
000655
000655
000655
000655
000655
000656
000656
000656
000656
000656
000657
000657
000657
000657
000657
000658
000658
000658
000658
000658
000659
000659
000659
000659
000659
000660
000660
000660
000660
000660
000661
000661
000661
000661
000661
000662
000662
000662
000662
000662
000663
000663
000663
000663
000663
000664
000664
000664
000664
000664
000665
000665
000665
000665
000665
000666
000666
000666
000666
000666
000667
000667
000667
000667
000667
000668
000668
000668
000668
000668
000669
000669
000669
000669
000669
000670
000670
000670
000670
000670
000671
000671
000671
000671
000671
000672
000672
000672
000672
000672
000673
000673
000673
000673
000673
000674
000674
000674
000674
000674
000675
000675
000675
000675
000675
000676
000676
000676
000676
000676
000677
000677
000677
000677
000677
000678
000678
000678
000678
000678
000679
000679
000679
000679
000679
000680
000680
000680
000680
000680
000681
000681
000681
000681
000681
000682
000682
000682
000682
000682
000683
000683
000683
000683
000683
000684
000684
000684
000684
000684
000685
000685
000685
000685
000685
000686
000686
000686
000686
000686
000687
000687
000687
000687
000687
000688
000688
000688
000688
000688
000689
000689
000689
000689
000689
000690
000690
000690
000690
000690
000691
000691
000691
000691
000691
000692
000692
000692
000692
000692
000693
000693
000693
000693
000693
000694
000694
000694
000694
000694
000695
000695
000695
000695
000695
000696
000696
000696
000696
000696
000697
000697
000697
000697
000697
000698
000698
000698
000698
000698
000699
000699
000699
000699
000699
000700
000700
000700
000700
000700
000701
000701
000701
000701
000701
000702
000702
000702
000702
000702
000703
000703
000703
000703
000703
000704
000704
000704
000704
000704
000705
000705
000705
000705
000705
000706
000706
000706
000706
000706
000707
000707
000707
000707
000707
000708
000708
000708
000708
000708
000709
000709
000709
000709
000709
000710
000710
000710
000710
000710
000711
000711
000711
000711
000711
000712
000712
000712
000712
000712
000713
000713
000713
000713
000713
000714
000714
000714
000714
000714
000715
000715
000715
000715
000715
000716
000716
000716
000716
000716
000717
000717
000717
000717
000717
000718
000718
000718
000718
000718
000719
000719
000719
000719
000719
000720
000720
000720
000720
000720
000721
000721
000721
000721
000721
000722
000722
000722
000722
000722
000723
000723
000723
000723
000723
000724
000724
000724
000724
000724
000725
000725
000725
000725
000725
000726
000726
000726
000726
000726
000727
000727
000727
000727
000727
000728
000728
000728
000728
000728
000729
000729
000729
000729
000729
000730
000730
000730
000730
000730
000731
000731
000731
000731
000731
000732
000732
000732
000732
000732
000733
000733
000733
000733
000733
000734
000734
000734
000734
000734
000735
000735
000735
000735
000735
000736
000736
000736
000736
000736
000737
000737
000737
000737
000737
000738
000738
000738
000738
000738
000739
000739
000739
000739
000739
000740
000740
000740
000740
000740
000741
000741
000741
000741
000741
000742
000742
000742
000742
000742
000743
000743
000743
000743
000743
000744
000744
000744
000744
000744
000745
000745
000745
000745
000745
000746
000746
000746
000746
000746
000747
000747
000747
000747
000747
000748
000748
000748
000748
000748
000749
000749
000749
000749
000749
000750
000750
000750
000750
000750
000751
000751
000751
000751
000751
000752
000752
000752
000752
000752
000753
000753
000753
000753
000753
000754
000754
000754
000754
000754
000755
000755
000755
000755
000755
000756
000756
000756
000756
000756
000757
000757
000757
000757
000757
000758
000758
000758
000758
000758
000759
000759
000759
000759
000759
000760
000760
000760
000760
000760
000761
000761
000761
000761
000761
000762
000762
000762
000762
000762
000763
000763
000763
000763
000763
000764
000764
000764
000764
000764
000765
000765
000765
000765
000765
000766
000766
000766
000766
000766
000767
000767
000767
000767
000767
000768
000768
000768
000768
000768
000769
000769
000769
000769
000769
000770
000770
000770
000770
000770
000771
000771
000771
000771
000771
000772
000772
000772
000772
000772
000773
000773
000773
000773
000773
000774
000774
000774
000774
000774
000775
000775
000775
000775
000775
000776
000776
000776
000776
000776
000777
000777
000777
000777
000777
000778
000778
000778
000778
000778
000779
000779
000779
000779
000779
000780
000780
000780
000780
000780
000781
000781
000781
000781
000781
000782
000782
000782
000782
000782
000783
000783
000783
000783
000783
000784
000784
000784
000784
000784
000785
000785
000785
000785
000785
000786
000786
000786
000786
000786
000787
000787
000787
000787
000787
000788
000788
000788
000788
000788
000789
000789
000789
000789
000789
000790
000790
000790
000790
000790
000791
000791
000791
000791
000791
000792
000792
000792
000792
000792
000793
000793
000793
000793
000793
000794
000794
000794
000794
000794
000795
000795
000795
000795
000795
000796
000796
000796
000796
000796
000797
000797
000797
000797
000797
000798
000798
000798
000798
000798
000799
000799
000799
000799
000799
000800
000800
000800
000800
000800
000801
000801
000801
000801
000801
000802
000802
000802
000802
000802
000803
000803
000803
000803
000803
000804
000804
000804
000804
000804
000805
000805
000805
000805
000805
000806
000806
000806
000806
000806
000807
000807
000807
000807
000807
000808
000808
000808
000808
000808
000809
000809
000809
000809
000809
000810
000810
000810
000810
000810
000811
000811
000811
000811
000811
000812
000812
000812
000812
000812
000813
000813
000813
000813
000813
000814
000814
000814
000814
000814
000815
000815
000815
000815
000815
000816
000816
000816
000816
000816
000817
000817
000817
000817
000817
000818
000818
000818
000818
000818
000819
000819
000819
000819
000819
000820
000820
000820
000820
000820
000821
000821
000821
000821
000821
000822
000822
000822
000822
000822
000823
000823
000823
000823
000823
000824
000824
000824
000824
000824
000825
000825
000825
000825
000825
000826
000826
000826
000826
000826
000827
000827
000827
000827
000827
000828
000828
000828
000828
000828
000829
000829
000829
000829
000829
000830
000830
000830
000830
000830
000831
000831
000831
000831
000831
000832
000832
000832
000832
000832
000833
000833
000833
000833
000833
000834
000834
000834
000834
000834
000835
000835
000835
000835
000835
000836
000836
000836
000836
000836
000837
000837
000837
000837
000837
000838
000838
000838
000838
000838
000839
000839
000839
000839
000839
000840
000840
000840
000840
000840
000841
000841
000841
000841
000841
000842
000842
000842
000842
000842
000843
000843
000843
000843
000843
000844
000844
000844
000844
000844
000845
000845
000845
000845
000845
000846
000846
000846
000846
000846
000847
000847
000847
000847
000847
000848
000848
000848
000848
000848
000849
000849
000849
000849
000849
000850
000850
000850
000850
000850
000851
000851
000851
000851
000851
000852
000852
000852
000852
000852
000853
000853
000853
000853
000853
000854
000854
000854
000854
000854
000855
000855
000855
000855
000855
000856
000856
000856
000856
000856
000857
000857
000857
000857
000857
000858
000858
000858
000858
000858
000859
000859
000859
000859
000859
000860
000860
000860
000860
000860
000861
000861
000861
000861
000861
000862
000862
000862
000862
000862
000863
000863
000863
000863
000863
000864
000864
000864
000864
000864
000865
000865
000865
000865
000865
000866
000866
000866
000866
000866
000867
000867
000867
000867
000867
000868
000868
000868
000868
000868
000869
000869
000869
000869
000869
000870
000870
000870
000870
000870
000871
000871
000871
000871
000871
000872
000872
000872
000872
000872
000873
000873
000873
000873
000873
000874
000874
000874
000874
000874
000875
000875
000875
000875
000875
000876
000876
000876
000876
000876
000877
000877
000877
000877
000877
000878
000878
000878
000878
000878
000879
000879
000879
000879
000879
000880
000880
000880
000880
000880
000881
000881
000881
000881
000881
000882
000882
000882
000882
000882
000883
000883
000883
000883
000883
000884
000884
000884
000884
000884
000885
000885
000885
000885
000885
000886
000886
000886
000886
000886
000887
000887
000887
000887
000887
000888
000888
000888
000888
000888
000889
000889
000889
000889
000889
000890
000890
000890
000890
000890
000891
000891
000891
000891
000891
000892
000892
000892
000892
000892
000893
000893
000893
000893
000893
000894
000894
000894
000894
000894
000895
000895
000895
000895
000895
000896
000896
000896
000896
000896
000897
000897
000897
000897
000897
000898
000898
000898
000898
000898
000899
000899
000899
000899
000899
000900
000900
000900
000900
000900
000901
000901
000901
000901
000901
000902
000902
000902
000902
000902
000903
000903
000903
000903
000903
000904
000904
000904
000904
000904
000905
000905
000905
000905
000905
000906
000906
000906
000906
000906
000907
000907
000907
000907
000907
000908
000908
000908
000908
000908
000909
000909
000909
000909
000909
000910
000910
000910
000910
000910
000911
000911
000911
000911
000911
000912
000912
000912
000912
000912
000913
000913
000913
000913
000913
000914
000914
000914
000914
000914
000915
000915
000915
000915
000915
000916
000916
000916
000916
000916
000917
000917
000917
000917
000917
000918
000918
000918
000918
000918
000919
000919
000919
000919
000919
000920
000920
000920
000920
000920
000921
000921
000921
000921
000921
000922
000922
000922
000922
000922
000923
000923
000923
000923
000923
000924
000924
000924
000924
000924
000925
000925
000925
000925
000925
000926
000926
000926
000926
000926
000927
000927
000927
000927
000927
000928
000928
000928
000928
000928
000929
000929
000929
000929
000929
000930
000930
000930
000930
000930
000931
000931
000931
000931
000931
000932
000932
000932
000932
000932
000933
000933
000933
000933
000933
000934
000934
000934
000934
000934
000935
000935
000935
000935
000935
000936
000936
000936
000936
000936
000937
000937
000937
000937
000937
000938
000938
000938
000938
000938
000939
000939
000939
000939
000939
000940
000940
000940
000940
000940
000941
000941
000941
000941
000941
000942
000942
000942
000942
000942
000943
000943
000943
000943
000943
000944
000944
000944
000944
000944
000945
000945
000945
000945
000945
000946
000946
000946
000946
000946
000947
000947
000947
000947
000947
000948
000948
000948
000948
000948
000949
000949
000949
000949
000949
000950
000950
000950
000950
000950
000951
000951
000951
000951
000951
000952
000952
000952
000952
000952
000953
000953
000953
000953
000953
000954
000954
000954
000954
000954
000955
000955
000955
000955
000955
000956
000956
000956
000956
000956
000957
000957
000957
000957
000957
000958
000958
000958
000958
000958
000959
000959
000959
000959
000959
000960
000960
000960
000960
000960
000961
000961
000961
000961
000961
000962
000962
000962
000962
000962
000963
000963
000963
000963
000963
000964
000964
000964
000964
000964
000965
000965
000965
000965
000965
000966
000966
000966
000966
000966
000967
000967
000967
000967
000967
000968
000968
000968
000968
000968
000969
000969
000969
000969
000969
000970
000970
000970
000970
000970
000971
000971
000971
000971
000971
000972
000972
000972
000972
000972
000973
000973
000973
000973
000973
000974
000974
000974
000974
000974
000975
000975
000975
000975
000975
000976
000976
000976
000976
000976
000977
000977
000977
000977
000977
000978
000978
000978
000978
000978
000979
000979
000979
000979
000979
000980
000980
000980
000980
000980
000981
000981
000981
000981
000981
000982
000982
000982
000982
000982
000983
000983
000983
000983
000983
000984
000984
000984
000984
000984
000985
000985
000985
000985
000985
000986
000986
000986
000986
000986
000987
000987
000987
000987
000987
000988
000988
000988
000988
000988
000989
000989
000989
000989
000989
000990
000990
000990
000990
000990
000991
000991
000991
000991
000991
000992
000992
000992
000992
000992
000993
000993
000993
000993
000993
000994
000994
000994
000994
000994
000995
000995
000995
000995
000995
000996
000996
000996
000996
000996
000997
000997
000997
000997
000997
000998
000998
000998
000998
000998
000999
000999
000999
000999
000999
